6.35388742618963
-5.843346900901802
-4.912366754750728
4.386665753337322
2.6531969515035705
6.228754330704273
4.168348907281915
9.607465653423926
9.919592344263418
3.7700678389574023
4.876639445544226
-0.07414444253612551
-1.3805413080862152
5.662730141232322
7.205693983081009
5.740489677749846
7.473472633657671
9.052541244106969
4.414728618740924
9.483859278317059
-0.7418609011628412
-8.63779523598464
4.456882921218535
-0.40538453872641256
-6.193870171737846
-9.93535664979084
-9.05399675088064
-1.6169071336282599
-2.8082967062442377
9.77942307425203
-7.592241656736755
0.8629645934024648
0.23135450371755795
1.9291865340662397
2.623495794479034
-7.379385320939482
5.791178175701763
3.3573312990532482
-2.189904964443712
-6.161007556493185
-3.0463433886662
-1.2893607748424945
-0.12278713327069113
-1.0487204697942722
-1.3932408522683488
8.286982496260652
0.45206921842311054
6.975175917455722
-7.544837767451349
-0.5507085408511365
-5.872625013827227
1.7403393902965512
-4.879907454786259
4.710744672239482
-4.283030213195211
-2.1050266904080006
-2.5140769432025634
-4.415263282664217
7.24436800453617
4.635462923939315
9.338499688793203
-5.359637367525696
8.551841785420006
-1.3637507252155388
-2.3453984990409626
9.041779478131783
5.983505649671564
5.090891233498409
-1.2288510662229246
-6.603682083201354
-0.3104615807177513
5.747774789575185
-1.6159819520053702
-6.751626861009865
8.035141235378845
-3.1261303026110188
8.421810761110752
0.40382424062338274
6.598970532646746
3.4724548851749244
4.68258807905743
4.7067211986084665
-4.828017570157939
-0.4334941261240477
-5.662024683786457
-8.909382070438758
-0.07556294797780794
-9.255225553174458
-2.3816279994204166
7.150140718591963
6.335875453095806
-7.467041311119735
6.0008903653563905
9.557399174606086
-0.43638167414370166
-9.490416070360535
9.721371499096577
6.737578677461599
9.826944865400513
-9.158590996173992
7.145341488674955
8.498932074923474
-3.636640603889621
-7.512635466445281
-5.042515338173628
-2.2447588423458082
2.444368645768355
-3.7856161140393603
3.0045745027681843
6.563471076474897
-0.83388745406155
1.5322645640399166
9.11248993532293
9.01174484237822
4.955636820239633
-1.3218751994312132
-5.326691328620852
3.479000903905284
-4.343042339954053
-2.2773498819056854
-2.258093295712005
-0.5438403009691903
-7.248108812338505
-9.943253480571608
7.210926016966113
-6.326526919905731
-2.5643982724074394
7.6835071366995145
9.16882116231599
-8.58546804149934
-7.83102764590248
2.657273923723986
4.072852557491352
4.30568170561717
2.5558024197019797
7.287630575615573
-5.228187541116678
7.688455279516219
9.147698513718797
-7.572878755196426
7.017617888164434
-4.843517747319456
5.598351792454622
1.9154254617045297
3.6695077853852336
6.7321912451165
9.95739623946082
-2.041584976822268
-1.8170235121231908
1.2254556651289725
-1.127571832703321
-6.510347846722409
9.35836666329308
2.79516651326478
4.551001547615188
-3.8905010569201774
-0.855941179272147
1.602050831824224
4.2237123234948335
-7.4872953639005235
9.094435405478357
0.4328311371995355
-0.578655114297554
4.571860530479061
9.706571766097799
4.526476752363859
8.268091753339728
-4.1576329660741145
-0.002598100001529602
-2.8112069562014685
-4.957768749888121
2.993316264433483
9.79224522748503
-5.847118096900976
-6.606453890958197
-0.6227968700759163
-1.678404207155264
8.6614934399174
-9.169340772131143
5.499238158336254
0.3354558217046151
3.5514186546671738
3.175489728729799
1.5918133423585328
-6.371642269085244
-8.341824694425927
-4.223805682498445
-6.8443777991884875
-2.448101260771125
-5.965146627526623
9.258179494091515
8.517610284153644
-8.067088432168353
-8.776317952480383
-8.199695700459287
8.51148431412183
9.578545259994605
9.608308001469492
6.63508226812478
3.909390611753338
1.2554506643223426
-5.436419773645358
-2.971857970521288
6.404835746957971
-9.905281942703514
2.314098597662257
-7.842089834717485
9.196768484686512
-0.983723188080134
9.396021845796401
2.732129748790033
6.660741117354387
8.436814444249269
4.907613234339113
-7.566626933662595
-7.24859377645386
3.3175877771733475
2.734734412108331
3.371046847814789
5.413475406768775
-2.9273272133777706
0.4703156161462889
-2.862215428654671
6.591046717967572
4.745699145687926
-5.292382443966366
-0.577010554069668
0.21530421152451495
6.849439829202058
1.925867334164666
5.1345105635559225
-2.533048920074341
6.939652894301275
-6.111549874224192
-4.213905801964142
3.7288686217203875
1.3505088762347413
1.7571831097979747
-7.15476713099418
-0.8544645320201809
7.650677174259609
6.220178565224252
8.24683455633118
-9.031582862347998
-7.8717169356955345
3.681568583668911
4.87175857023901
-0.837291177336617
-0.70449770298187
2.398676232194937
0.37695469963775885
-8.35343965236586
0.04505451045117859
-8.25350829802295
6.562443215826814
6.997560873358445
4.872366877313652
4.516600593657216
2.9790720016211925
-6.796035186814244
-3.1963905797938796
0.42784155891920506
-4.3621206487941855
5.149071604532873
-3.4431360372989577
-2.455261192670017
5.919210085568935
4.965171499753486
-1.970627150640368
0.36043519384956824
-3.5959672223982553
1.3555802929963772
1.2615920476338527
4.476161733618721
-9.874465635510054
9.905804034252462
5.307183172961105
9.880833049771446
7.836495259396919
2.3568702171385922
1.9377624526147272
-8.346569408900432
8.871749137186963
0.941412140980189
-0.13661502514107937
-4.0932432538077475
5.331740402325087
-0.7250800065079215
4.979545053111007
-9.054931816353303
4.1859156415065275
4.1818230118974675
-7.433082604367451
5.7933754835643505
8.839584511967999
-8.928445466180364
-8.459215710379057
6.813439458142888
6.517390639662477
4.957659193829285
